GyrojetBob
{
	0.000000, 0.000000
	1.366310, 1.334942
	2.657417, 2.463233
	3.848346, 3.288257
	4.914121, 3.713391
	5.829765, 3.640670
	6.570305, 3.070058
	7.110764, 2.130000
	7.426166, 0.954839
	7.490904, -0.321079
	7.281341, -1.563412
	6.819883, -2.637814
	6.140117, -3.409942
	5.275626, -3.745452
	4.260000, -3.540000
	3.126822, -2.864431
	1.909679, -1.853003
	0.642157, -0.640058
	-0.642158, 0.640060
	-1.909681, 1.853004
	-3.126823, 2.864432
	-4.260001, 3.540000
	-5.275628, 3.745452
	-6.140118, 3.409941
	-6.819883, 2.637813
	-7.281342, 1.563410
	-7.490904, 0.321078
	-7.445045, -0.954840
	-7.200700, -2.130001
	-6.760667, -3.070059
	-6.124748, -3.640671
	-5.292746, -3.716953
	-4.264467, -3.324174
	-3.039714, -2.534674
	-1.618290, -1.407075
}